

tuning 12_tone_equal_tempered 0 3
# Tune individual keys
tune 0 3 0  0.000000
tune 0 3 1  100.000000
tune 0 3 2  200.000000
tune 0 3 3  300.000000
tune 0 3 4  400.000000
tune 0 3 5  500.000000
tune 0 3 6  600.000000
tune 0 3 7  700.000000
tune 0 3 8  800.000000
tune 0 3 9  900.000000
tune 0 3 10  1000.000000
tune 0 3 11  1100.000000
tune 0 3 12  1200.000000
tune 0 3 13  1300.000000
tune 0 3 14  1400.000000
tune 0 3 15  1500.000000
tune 0 3 16  1600.000000
tune 0 3 17  1700.000000
tune 0 3 18  1800.000000
tune 0 3 19  1900.000000
tune 0 3 20  2000.000000
tune 0 3 21  2100.000000
tune 0 3 22  2200.000000
tune 0 3 23  2300.000000
tune 0 3 24  2400.000000
tune 0 3 25  2500.000000
tune 0 3 26  2600.000000
tune 0 3 27  2700.000000
tune 0 3 28  2800.000000
tune 0 3 29  2900.000000
tune 0 3 30  3000.000000
tune 0 3 31  3100.000000
tune 0 3 32  3200.000000
tune 0 3 33  3300.000000
tune 0 3 34  3400.000000
tune 0 3 35  3500.000000
tune 0 3 36  3600.000000
tune 0 3 37  3700.000000
tune 0 3 38  3800.000000
tune 0 3 39  3900.000000
tune 0 3 40  4000.000000
tune 0 3 41  4100.000000
tune 0 3 42  4200.000000
tune 0 3 43  4300.000000
tune 0 3 44  4400.000000
tune 0 3 45  4500.000000
tune 0 3 46  4600.000000
tune 0 3 47  4700.000000
tune 0 3 48  4800.000000
tune 0 3 49  4900.000000
tune 0 3 50  5000.000000
tune 0 3 51  5100.000000
tune 0 3 52  5200.000000
tune 0 3 53  5300.000000
tune 0 3 54  5400.000000
tune 0 3 55  5500.000000
tune 0 3 56  5600.000000
tune 0 3 57  5700.000000
tune 0 3 58  5800.000000
tune 0 3 59  5900.000000
tune 0 3 60  6000.000000
tune 0 3 61  6100.000000
tune 0 3 62  6200.000000
tune 0 3 63  6300.000000
tune 0 3 64  6400.000000
tune 0 3 65  6500.000000
tune 0 3 66  6600.000000
tune 0 3 67  6700.000000
tune 0 3 68  6800.000000
tune 0 3 69  6900.000000
tune 0 3 70  7000.000000
tune 0 3 71  7100.000000
tune 0 3 72  7200.000000
tune 0 3 73  7300.000000
tune 0 3 74  7400.000000
tune 0 3 75  7500.000000
tune 0 3 76  7600.000000
tune 0 3 77  7700.000000
tune 0 3 78  7800.000000
tune 0 3 79  7900.000000
tune 0 3 80  8000.000000
tune 0 3 81  8100.000000
tune 0 3 82  8200.000000
tune 0 3 83  8300.000000
tune 0 3 84  8400.000000
tune 0 3 85  8500.000000
tune 0 3 86  8600.000000
tune 0 3 87  8700.000000
tune 0 3 88  8800.000000
tune 0 3 89  8900.000000
tune 0 3 90  9000.000000
tune 0 3 91  9100.000000
tune 0 3 92  9200.000000
tune 0 3 93  9300.000000
tune 0 3 94  9400.000000
tune 0 3 95  9500.000000
tune 0 3 96  9600.000000
tune 0 3 97  9700.000000
tune 0 3 98  9800.000000
tune 0 3 99  9900.000000
tune 0 3 100  10000.000000
tune 0 3 101  10100.000000
tune 0 3 102  10200.000000
tune 0 3 103  10300.000000
tune 0 3 104  10400.000000
tune 0 3 105  10500.000000
tune 0 3 106  10600.000000
tune 0 3 107  10700.000000
tune 0 3 108  10800.000000
tune 0 3 109  10900.000000
tune 0 3 110  11000.000000
tune 0 3 111  11100.000000
tune 0 3 112  11200.000000
tune 0 3 113  11300.000000
tune 0 3 114  11400.000000
tune 0 3 115  11500.000000
tune 0 3 116  11600.000000
tune 0 3 117  11700.000000
tune 0 3 118  11800.000000
tune 0 3 119  11900.000000
tune 0 3 120  12000.000000
tune 0 3 121  12100.000000
tune 0 3 122  12200.000000
tune 0 3 123  12300.000000
tune 0 3 124  12400.000000
tune 0 3 125  12500.000000
tune 0 3 126  12600.000000
tune 0 3 127  12700.000000


# 19 tone Equalt tempered, A=440
tuning 19_equaltempered 0 1
# 19 tone (equal tempered)
# Tune individual keys

tune 0 1 0  2542.105000
tune 0 1 1  2605.263000
tune 0 1 2  2668.421000
tune 0 1 3  2731.578000
tune 0 1 4  2794.736000
tune 0 1 5  2857.894000
tune 0 1 6  2921.052000
tune 0 1 7  2984.210000
tune 0 1 8  3047.368000
tune 0 1 9  3110.526000
tune 0 1 10  3173.684000
tune 0 1 11  3236.842000
tune 0 1 12  3300.000000
tune 0 1 13  3363.158000
tune 0 1 14  3426.316000
tune 0 1 15  3489.474000
tune 0 1 16  3552.632000
tune 0 1 17  3615.789000
tune 0 1 18  3678.947000
tune 0 1 19  3742.105000
tune 0 1 20  3805.263000
tune 0 1 21  3868.421000
tune 0 1 22  3931.578000
tune 0 1 23  3994.736000
tune 0 1 24  4057.894000
tune 0 1 25  4121.052000
tune 0 1 26  4184.210000
tune 0 1 27  4247.368000
tune 0 1 28  4310.526000
tune 0 1 29  4373.684000
tune 0 1 30  4436.842000
tune 0 1 31  4500.000000
tune 0 1 32  4563.158000
tune 0 1 33  4626.316000
tune 0 1 34  4689.474000
tune 0 1 35  4752.632000
tune 0 1 36  4815.789000
tune 0 1 37  4878.947000
tune 0 1 38  4942.105000
tune 0 1 39  5005.263000
tune 0 1 40  5068.421000
tune 0 1 41  5131.578000
tune 0 1 42  5194.736000
tune 0 1 43  5257.894000
tune 0 1 44  5321.052000
tune 0 1 45  5384.210000
tune 0 1 46  5447.368000
tune 0 1 47  5510.526000
tune 0 1 48  5573.684000
tune 0 1 49  5636.842000
tune 0 1 50  5700.000000
tune 0 1 51  5763.158000
tune 0 1 52  5826.316000
tune 0 1 53  5889.474000
tune 0 1 54  5952.632000
tune 0 1 55  6015.789000
tune 0 1 56  6078.947000
tune 0 1 57  6142.105000
tune 0 1 58  6205.263000
tune 0 1 59  6268.421000
tune 0 1 60  6331.578000
tune 0 1 61  6394.736000
tune 0 1 62  6457.894000
tune 0 1 63  6521.052000
tune 0 1 64  6584.210000
tune 0 1 65  6647.368000
tune 0 1 66  6710.526000
tune 0 1 67  6773.684000
tune 0 1 68  6836.842000
tune 0 1 69  6900.000000
tune 0 1 70  6963.158000
tune 0 1 71  7026.316000
tune 0 1 72  7089.474000
tune 0 1 73  7152.632000
tune 0 1 74  7215.789000
tune 0 1 75  7278.947000
tune 0 1 76  7342.105000
tune 0 1 77  7405.263000
tune 0 1 78  7468.421000
tune 0 1 79  7531.578000
tune 0 1 80  7594.736000
tune 0 1 81  7657.894000
tune 0 1 82  7721.052000
tune 0 1 83  7784.210000
tune 0 1 84  7847.368000
tune 0 1 85  7910.526000
tune 0 1 86  7973.684000
tune 0 1 87  8036.842000
tune 0 1 88  8100.000000
tune 0 1 89  8163.158000
tune 0 1 90  8226.316000
tune 0 1 91  8289.474000
tune 0 1 92  8352.632000
tune 0 1 93  8415.789000
tune 0 1 94  8478.947000
tune 0 1 95  8542.105000
tune 0 1 96  8605.263000
tune 0 1 97  8668.421000
tune 0 1 98  8731.578000
tune 0 1 99  8794.736000
tune 0 1 100  8857.894000
tune 0 1 101  8921.052000
tune 0 1 102  8984.210000
tune 0 1 103  9047.368000
tune 0 1 104  9110.526000
tune 0 1 105  9173.684000
tune 0 1 106  9236.842000
tune 0 1 107  9300.000000
tune 0 1 108  9363.158000
tune 0 1 109  9426.316000
tune 0 1 110  9489.474000
tune 0 1 111  9552.632000
tune 0 1 112  9615.789000
tune 0 1 113  9678.947000
tune 0 1 114  9742.105000
tune 0 1 115  9805.263000
tune 0 1 116  9868.421000
tune 0 1 117  9931.578000
tune 0 1 118  9994.736000
tune 0 1 119  10057.894000
tune 0 1 120  10121.052000
tune 0 1 121  10184.210000
tune 0 1 122  10247.368000
tune 0 1 123  10310.526000
tune 0 1 124  10373.684000
tune 0 1 125  10436.842000
tune 0 1 126  10500.000000
tune 0 1 127  10563.158000



# 19 tone (extended meantone) tonic = A = 440Hz
tuning 19_meantone 0 2
# Tune individual
tune 0 2 0  2562.358000
tune 0 2 1  2603.422000
tune 0 2 2  2679.468000
tune 0 2 3  2720.532000
tune 0 2 4  2796.578000
tune 0 2 5  2872.624000
tune 0 2 6  2913.688000
tune 0 2 7  2989.734000
tune 0 2 8  3065.780000
tune 0 2 9  3106.844000
tune 0 2 10  3182.890000
tune 0 2 11  3258.936000
tune 0 2 12  3300.000000
tune 0 2 13  3376.046000
tune 0 2 14  3417.110000
tune 0 2 15  3493.156000
tune 0 2 16  3569.202000
tune 0 2 17  3610.266000
tune 0 2 18  3686.312000
tune 0 2 19  3762.358000
tune 0 2 20  3803.422000
tune 0 2 21  3879.468000
tune 0 2 22  3920.532000
tune 0 2 23  3996.578000
tune 0 2 24  4072.624000
tune 0 2 25  4113.688000
tune 0 2 26  4189.734000
tune 0 2 27  4265.780000
tune 0 2 28  4306.844000
tune 0 2 29  4382.890000
tune 0 2 30  4458.936000
tune 0 2 31  4500.000000
tune 0 2 32  4576.046000
tune 0 2 33  4617.110000
tune 0 2 34  4693.156000
tune 0 2 35  4769.202000
tune 0 2 36  4810.266000
tune 0 2 37  4886.312000
tune 0 2 38  4962.358000
tune 0 2 39  5003.422000
tune 0 2 40  5079.468000
tune 0 2 41  5120.532000
tune 0 2 42  5196.578000
tune 0 2 43  5272.624000
tune 0 2 44  5313.688000
tune 0 2 45  5389.734000
tune 0 2 46  5465.780000
tune 0 2 47  5506.844000
tune 0 2 48  5582.890000
tune 0 2 49  5658.936000
tune 0 2 50  5700.000000
tune 0 2 51  5776.046000
tune 0 2 52  5817.110000
tune 0 2 53  5893.156000
tune 0 2 54  5969.202000
tune 0 2 55  6010.266000
tune 0 2 56  6086.312000
tune 0 2 57  6162.358000
tune 0 2 58  6203.422000
tune 0 2 59  6279.468000
tune 0 2 60  6320.532000
tune 0 2 61  6396.578000
tune 0 2 62  6472.624000
tune 0 2 63  6513.688000
tune 0 2 64  6589.734000
tune 0 2 65  6665.780000
tune 0 2 66  6706.844000
tune 0 2 67  6782.890000
tune 0 2 68  6858.936000
tune 0 2 69  6900.000000
tune 0 2 70  6976.046000
tune 0 2 71  7017.110000
tune 0 2 72  7093.156000
tune 0 2 73  7169.202000
tune 0 2 74  7210.266000
tune 0 2 75  7286.312000
tune 0 2 76  7362.358000
tune 0 2 77  7403.422000
tune 0 2 78  7479.468000
tune 0 2 79  7520.532000
tune 0 2 80  7596.578000
tune 0 2 81  7672.624000
tune 0 2 82  7713.688000
tune 0 2 83  7789.734000
tune 0 2 84  7865.780000
tune 0 2 85  7906.844000
tune 0 2 86  7982.890000
tune 0 2 87  8058.936000
tune 0 2 88  8100.000000
tune 0 2 89  8176.046000
tune 0 2 90  8217.110000
tune 0 2 91  8293.156000
tune 0 2 92  8369.202000
tune 0 2 93  8410.266000
tune 0 2 94  8486.312000
tune 0 2 95  8562.358000
tune 0 2 96  8603.422000
tune 0 2 97  8679.468000
tune 0 2 98  8720.532000
tune 0 2 99  8796.578000
tune 0 2 100  8872.624000
tune 0 2 101  8913.688000
tune 0 2 102  8989.734000
tune 0 2 103  9065.780000
tune 0 2 104  9106.844000
tune 0 2 105  9182.890000
tune 0 2 106  9258.936000
tune 0 2 107  9300.000000
tune 0 2 108  9376.046000
tune 0 2 109  9417.110000
tune 0 2 110  9493.156000
tune 0 2 111  9569.202000
tune 0 2 112  9610.266000
tune 0 2 113  9686.312000
tune 0 2 114  9762.358000
tune 0 2 115  9803.422000
tune 0 2 116  9879.468000
tune 0 2 117  9920.532000
tune 0 2 118  9996.578000
tune 0 2 119  10072.624000
tune 0 2 120  10113.688000
tune 0 2 121  10189.734000
tune 0 2 122  10265.780000
tune 0 2 123  10306.844000
tune 0 2 124  10382.890000
tune 0 2 125  10458.936000
tune 0 2 126  10500.000000
tune 0 2 127  10576.046000



settuning 0 0 1
settuning 1 0 2
settuning 2 0 3

load /usr/local/share/soundfonts/harmonium.sf2
load /usr/local/share/soundfonts/jeux14.sf2
load /usr/local/share/soundfonts/realacousticdrums2.sf2

select 0 1 0 0
select 1 2 0 0



