21, 1;
0, 2;
22, 3;
23, 4;
0, 5;
24, 6;
25, 7;
0, 8;
26, 9;
27, 10;
0, 11;
28, 12;
0, 13;
29, 14;
30, 15;
0, 16;
31, 17;
32, 18;
0, 19;
33, 20;
0, 21;
34, 22;
35, 23;
0, 24;
36, 25;
37, 26;
0, 27;
38, 28;
39, 29;
0, 30;
40, 31;
0, 32;
41, 33;
42, 34;
0, 35;
43, 36;
44, 37;
0, 38;
45, 39;
0, 40;
46, 41;
47, 42;
0, 43;
48, 44;
49, 45;
0, 46;
50, 47;
51, 48;
0, 49;
52, 50;
0, 51;
53, 52;
54, 53;
0, 54;
55, 55;
56, 56;
0, 57;
57, 58;
0, 59;
58, 60;
59, 61;
0, 62;
60, 63;
61, 64;
0, 65;
62, 66;
63, 67;
0, 68;
64, 69;
